2041536675,0,0,0,0,19,0 1118420862,0,0,0,0,20,0 675742821,0,0,0,0,0,0 580425872,0,0,0,0,2,0 1713393503,0,0,0,0,29,0 275661200,0,0,0,0,21,0 296061038,0,0,0,0,22,0 1973118898,0,0,0,0,24,0 675742821,0,0,0,0,0,0 275661200,0,0,0,0,21,0 296061038,0,0,0,0,22,0 1973118898,0,0,0,0,24,0 675742821,0,0,0,0,0,0 1120196549,0,0,0,2,18,0 
2041536675,0,0,0,0,19,0 1118420862,0,0,0,0,20,0 675742821,0,0,0,0,0,0 580425872,0,0,0,0,2,0 1713393503,0,0,0,0,29,0 275661200,0,0,0,0,21,0 296061038,0,0,0,0,22,0 1973118898,0,0,0,0,24,0 675742821,0,0,0,0,0,0 275661200,0,0,0,0,21,0 296061038,0,0,0,0,22,0 1973118898,0,0,0,0,24,0 675742821,0,0,0,0,0,0 768395851,0,0,0,2,18,0 
2041536675,0,0,0,0,19,0 1118420862,0,0,0,0,20,0 675742821,0,0,0,0,0,0 580425872,0,0,0,0,2,0 1713393503,0,0,0,0,29,0 275661200,0,0,0,0,21,0 296061038,0,0,0,0,22,0 1973118898,0,0,0,0,24,0 675742821,0,0,0,0,0,0 275661200,0,0,0,0,21,0 296061038,0,0,0,0,22,0 1973118898,0,0,0,0,24,0 675742821,0,0,0,0,0,0 768395851,0,0,0,2,18,0 
1058801012,0,0,0,0,19,0 458392788,0,0,0,0,20,0 989216954,0,0,0,0,0,0 1921055489,0,0,0,0,2,0 1769883148,0,0,0,0,29,0 338202571,0,0,0,0,21,0 878634578,0,0,0,0,22,0 789289203,0,0,0,0,24,0 989216954,0,0,0,0,0,0 338202571,0,0,0,0,21,0 878634578,0,0,0,0,22,0 789289203,0,0,0,0,24,0 989216954,0,0,0,0,0,0 768395851,0,0,0,2,18,0 
2041536675,0,0,0,0,19,0 1118420862,0,0,0,0,20,0 675742821,0,0,0,0,0,0 580425872,0,0,0,0,2,0 1713393503,0,0,0,0,29,0 275661200,0,0,0,0,21,0 296061038,0,0,0,0,22,0 1973118898,0,0,0,0,24,0 675742821,0,0,0,0,0,0 275661200,0,0,0,0,21,0 296061038,0,0,0,0,22,0 1973118898,0,0,0,0,24,0 675742821,0,0,0,0,0,0 768395851,0,0,0,2,18,0 
2041536675,0,0,0,0,19,0 1118420862,0,0,0,0,20,0 675742821,0,0,0,0,0,0 580425872,0,0,0,0,2,0 1713393503,0,0,0,0,29,0 275661200,0,0,0,0,21,0 296061038,0,0,0,0,22,0 1973118898,0,0,0,0,24,0 675742821,0,0,0,0,0,0 275661200,0,0,0,0,21,0 296061038,0,0,0,0,22,0 1973118898,0,0,0,0,24,0 675742821,0,0,0,0,0,0 1120196549,0,0,0,2,18,0 1120196549,0,0,0,1,18,0 1120196549,0,0,0,2,18,0 
952659793,0,0,0,0,19,0 709906510,0,0,0,0,20,0 744780725,0,0,0,0,0,0 634195293,0,0,0,0,2,0 347235870,0,0,0,0,29,0 1445861158,0,0,0,0,21,0 1685577154,0,0,0,0,22,0 1676854724,0,0,0,0,24,0 744780725,0,0,0,0,0,0 1445861158,0,0,0,0,21,0 1685577154,0,0,0,0,22,0 1676854724,0,0,0,0,24,0 744780725,0,0,0,0,0,0 768395851,0,0,0,2,18,0 
2041536675,0,0,0,0,19,0 1118420862,0,0,0,0,20,0 675742821,0,0,0,0,0,0 580425872,0,0,0,0,2,0 1713393503,0,0,0,0,29,0 275661200,0,0,0,0,21,0 296061038,0,0,0,0,22,0 1973118898,0,0,0,0,24,0 675742821,0,0,0,0,0,0 275661200,0,0,0,0,21,0 296061038,0,0,0,0,22,0 1973118898,0,0,0,0,24,0 675742821,0,0,0,0,0,0 768395851,0,0,0,2,18,0 
1058801012,0,0,0,0,19,0 458392788,0,0,0,0,20,0 989216954,0,0,0,0,0,0 1921055489,0,0,0,0,2,0 1769883148,0,0,0,0,29,0 338202571,0,0,0,0,21,0 878634578,0,0,0,0,22,0 789289203,0,0,0,0,24,0 989216954,0,0,0,0,0,0 338202571,0,0,0,0,21,0 878634578,0,0,0,0,22,0 789289203,0,0,0,0,24,0 989216954,0,0,0,0,0,0 1120196549,0,0,0,2,18,0 
1101887945,0,0,0,0,19,0 1953879337,0,0,0,0,20,0 1446763354,0,0,0,0,0,0 1481360904,0,0,0,0,2,0 939629522,0,0,0,0,29,0 907382032,0,0,0,0,21,0 1490257747,0,0,0,0,22,0 1815632016,0,0,0,0,24,0 1446763354,0,0,0,0,0,0 907382032,0,0,0,0,21,0 1490257747,0,0,0,0,22,0 1815632016,0,0,0,0,24,0 1446763354,0,0,0,0,0,0 768395851,0,0,0,2,18,0 
2041536675,0,0,0,0,19,0 1118420862,0,0,0,0,20,0 675742821,0,0,0,0,0,0 580425872,0,0,0,0,2,0 1713393503,0,0,0,0,29,0 275661200,0,0,0,0,21,0 296061038,0,0,0,0,22,0 1973118898,0,0,0,0,24,0 675742821,0,0,0,0,0,0 275661200,0,0,0,0,21,0 296061038,0,0,0,0,22,0 1973118898,0,0,0,0,24,0 675742821,0,0,0,0,0,0 768395851,0,0,0,2,18,0 768395851,0,0,0,1,18,0 768395851,0,0,0,2,18,0 
952659793,0,0,0,0,19,0 709906510,0,0,0,0,20,0 744780725,0,0,0,0,0,0 634195293,0,0,0,0,2,0 347235870,0,0,0,0,29,0 1445861158,0,0,0,0,21,0 1685577154,0,0,0,0,22,0 1676854724,0,0,0,0,24,0 744780725,0,0,0,0,0,0 1445861158,0,0,0,0,21,0 1685577154,0,0,0,0,22,0 1676854724,0,0,0,0,24,0 744780725,0,0,0,0,0,0 768395851,0,0,0,2,18,0 768395851,0,0,0,1,18,0 768395851,0,0,0,2,18,0 
952659793,0,0,0,0,19,0 709906510,0,0,0,0,20,0 744780725,0,0,0,0,0,0 634195293,0,0,0,0,2,0 347235870,0,0,0,0,29,0 1445861158,0,0,0,0,21,0 1685577154,0,0,0,0,22,0 1676854724,0,0,0,0,24,0 744780725,0,0,0,0,0,0 1445861158,0,0,0,0,21,0 1685577154,0,0,0,0,22,0 1676854724,0,0,0,0,24,0 744780725,0,0,0,0,0,0 1120196549,0,0,0,2,18,0 
2041536675,0,0,0,0,19,0 1118420862,0,0,0,0,20,0 675742821,0,0,0,0,0,0 580425872,0,0,0,0,2,0 1713393503,0,0,0,0,29,0 275661200,0,0,0,0,21,0 296061038,0,0,0,0,22,0 1973118898,0,0,0,0,24,0 675742821,0,0,0,0,0,0 275661200,0,0,0,0,21,0 296061038,0,0,0,0,22,0 1973118898,0,0,0,0,24,0 675742821,0,0,0,0,0,0 1635325493,0,0,0,2,18,0 1635325493,0,0,0,1,18,0 1635325493,0,0,0,2,18,0 
2041536675,0,0,0,0,19,0 1118420862,0,0,0,0,20,0 675742821,0,0,0,0,0,0 580425872,0,0,0,0,2,0 1713393503,0,0,0,0,29,0 275661200,0,0,0,0,21,0 296061038,0,0,0,0,22,0 1973118898,0,0,0,0,24,0 675742821,0,0,0,0,0,0 275661200,0,0,0,0,21,0 296061038,0,0,0,0,22,0 1973118898,0,0,0,0,24,0 675742821,0,0,0,0,0,0 768395851,0,0,0,2,18,0 768395851,0,0,0,1,18,0 768395851,0,0,0,2,18,0 
952659793,0,0,0,0,19,0 709906510,0,0,0,0,20,0 744780725,0,0,0,0,0,0 634195293,0,0,0,0,2,0 347235870,0,0,0,0,29,0 1445861158,0,0,0,0,21,0 1685577154,0,0,0,0,22,0 1676854724,0,0,0,0,24,0 744780725,0,0,0,0,0,0 1445861158,0,0,0,0,21,0 1685577154,0,0,0,0,22,0 1676854724,0,0,0,0,24,0 744780725,0,0,0,0,0,0 768395851,0,0,0,2,18,0 768395851,0,0,0,1,18,0 768395851,0,0,0,2,18,0 
952659793,0,0,0,0,19,0 709906510,0,0,0,0,20,0 744780725,0,0,0,0,0,0 634195293,0,0,0,0,2,0 347235870,0,0,0,0,29,0 1445861158,0,0,0,0,21,0 1685577154,0,0,0,0,22,0 1676854724,0,0,0,0,24,0 744780725,0,0,0,0,0,0 1445861158,0,0,0,0,21,0 1685577154,0,0,0,0,22,0 1676854724,0,0,0,0,24,0 744780725,0,0,0,0,0,0 1120196549,0,0,0,2,18,0 1120196549,0,0,0,1,18,0 1120196549,0,0,0,2,18,0 
952659793,0,0,0,0,19,0 709906510,0,0,0,0,20,0 744780725,0,0,0,0,0,0 634195293,0,0,0,0,2,0 347235870,0,0,0,0,29,0 1445861158,0,0,0,0,21,0 1685577154,0,0,0,0,22,0 1676854724,0,0,0,0,24,0 744780725,0,0,0,0,0,0 1445861158,0,0,0,0,21,0 1685577154,0,0,0,0,22,0 1676854724,0,0,0,0,24,0 744780725,0,0,0,0,0,0 768395851,0,0,0,2,18,0 
2041536675,0,0,0,0,19,0 1118420862,0,0,0,0,20,0 675742821,0,0,0,0,0,0 580425872,0,0,0,0,2,0 1713393503,0,0,0,0,29,0 275661200,0,0,0,0,21,0 296061038,0,0,0,0,22,0 1973118898,0,0,0,0,24,0 675742821,0,0,0,0,0,0 275661200,0,0,0,0,21,0 296061038,0,0,0,0,22,0 1973118898,0,0,0,0,24,0 675742821,0,0,0,0,0,0 1416778063,0,0,0,2,18,0 
2041536675,0,0,0,0,19,0 1118420862,0,0,0,0,20,0 675742821,0,0,0,0,0,0 580425872,0,0,0,0,2,0 1713393503,0,0,0,0,29,0 275661200,0,0,0,0,21,0 296061038,0,0,0,0,22,0 1973118898,0,0,0,0,24,0 675742821,0,0,0,0,0,0 275661200,0,0,0,0,21,0 296061038,0,0,0,0,22,0 1973118898,0,0,0,0,24,0 675742821,0,0,0,0,0,0 768395851,0,0,0,1,18,0 
